84419954
1039901755
1039732516
95219580
1039573561
1038253976
1039306961
1038437679
1040381757
1039115513
1040190900
94123694
1038641353
1040553340
1040502736
1040251051
1039870782
1039223240
1040299902
1038881567
1038982127
1040260091
93882137
1038985383
75475103
92280436
1038897000
94165180
1040497856
1040200597
1040074687
1040351251
94174490
1040233077
1037691139
1039046706
1038921940
1040241374
1040515500
91584453
1039683573
1037903508
1039429920
94592410
1040186730
1040452461
1038838126
1040554728
1037135178
1038434090
1037840075
1039460617
1040351106
95220983
80955796
1038977364
1038876449
1040322520
1038344445
1040614104
1040202260
89640945
94586871
1040202839
1038034288
1040472093
1038100753
1039532458
45390006
1040501850
94246692
1040502744
1039912878
91380476
1039766463
1039329956
95192722
1040548477
1038914656
1038351617
1039702501
1038141863
1038800528
95208288
93294474
1040362548
1040289842
1039513216
1037146526
1040242081
1037839878
1040473998
1040375735
1039776241
94068583
1040635413
1040201006
93573197
1040500910
1040418166
1038142279
1039469091
94607999
1038356830
1040288631
1040629037
1039154533
1037944594
1037132563
1039717037
1040381794
1039904420
1039360479
1037492478
1039263678
1040408810
94778918
1039913625
1039277163
1039757080
81465454
94637216
1038669084
1040186695
1037882432
1040591513
1040635376
1040254490
1039270883
1039759999
1039670825
1039279808
1040499544
94428187
1040603901
1039727131
95268738
1040315815
1040250971
1039381262
91299508
1040626032
1038828420
1038876020
1039756404
1040259962
1038232230
1040290455
1039429553
95007418
1040597219
1039382666
91167466
95360727
1040482252
1038597894
1038953281
95118368
1038260227
94498153
95307110
1040300329
1038983682
1037172056
1039603774
95376772
1039777115
1039764604
1037618805
1038472764
1038952579
1040250395
1040452093
94547264
94637599
1039422795
95041573
91175672
1037574830
1039306947
1039635188
1039382549
1039573425
1039649362
1039457636
1037263463
92975873
1040296180
1039039140
1038061339
1037632500
1038630692
1039482407
1039587280
1039773042
1039792254
1039161240
1037950410
1037197702
1039749881
82213211
1040105873
1040496371
1038141304
1039264092
1037727288
1039897877
1040392524
1039695865
1038443685
95032886
92926577
1039649361
1039488921
94585938
1037825433
94360438
1038448601
93005310
92802932
1038663042
94884654
77289074
1039460302
93870785
1040187720
92768436
1039375341
1040375228
1038494991
1039691578
64886474
1038982745
1037771711
91231463
1038733062
72084100
1040507713
81828281
1039459798
93005297
1038763493
1037995258
1039503314
1039579131
1039444520
1040546795
1039499251
1037807330
1039768546
65548483
1038146642
1038647072
1040500500
1039238558
1040201014
1039604311
1040592944
1039621772
1037880264
1040278702
1039214320
1040392788
1037174826
1037927284
1038709255
1039032983
1040296558
93509006
1038643338
1038772926
1038000893
93839543
83467885
1037684397
1040514113
95153869
1039464062
1037205701
1037944754
1038997563
94613592
1037976062
93361118
78605093
1038613124
92515330
1038466150
1039467435
1037250991
1038277893
1039037232
1039362072
1039759809
1040359954
1038995823
1038801468
91533736
1037325834
1040586500
1039377452
1039825470
1040635380
93612192
83642398
1039659759
52933706
1038746610
1037839562
1038643727
93243840
92732806
1037624437
84632733
1040103447
1037427256
1037427253
1037427218
1037427201
1037427199
95378245
91059662
1039737709
1037298567
1040451279
1038774663
1037501126
91074729
73821272
1040593162
1038632398
1039517858
1038150962
1037454348
1037454347
1037454342
1037454338
1037454336
1037454333
1039187863
1038335133
1039471434
1039037450
1039232615
95465010
93688328
1037546822
1039041380
1039280367
1039153630
1040201010
1040516991
1039717002
1039913716